# BLASTP 2.9.0+
# Query: 
# Database: dbb1/dbGG1
# Fields: query id, subject id, % identity, alignment length, mismatches, gap opens, q. start, q. end, s. start, s. end, evalue, bit score
# 39 hits found
Query_1	ref|XP_016930412.1|	63.454	249	85	1	37	285	3	245	1.14e-112	326
Query_1	ref|XP_036669236.1|	63.563	247	84	1	39	285	2	242	3.34e-112	325
Query_1	ref|XP_037300778.1|	58.594	256	105	1	30	285	3	257	2.61e-101	298
Query_1	ref|XP_037300776.1|	58.635	249	102	1	37	285	29	276	9.94e-100	294
Query_1	ref|XP_037300779.1|	58.566	251	103	1	35	285	5	254	1.09e-99	293
Query_1	ref|XP_037300777.1|	58.635	249	102	1	37	285	24	271	1.37e-99	294
Query_1	ref|XP_037300780.1|	57.769	251	105	1	35	285	3	252	2.14e-99	293
Query_1	ref|XP_037300781.1|	59.671	243	97	1	43	285	6	247	7.71e-99	291
Query_1	ref|XP_029346916.1|	52.191	251	115	4	37	285	3	250	9.50e-85	255
Query_1	ref|NP_001139377.1|	52.191	251	115	4	37	285	3	250	9.50e-85	255
Query_1	ref|XP_029346918.1|	52.869	244	110	4	44	285	1	241	3.47e-84	253
Query_1	ref|XP_029346917.1|	52.869	244	110	4	44	285	1	241	3.47e-84	253
Query_1	ref|XP_008186625.1|	52.869	244	110	4	44	285	32	272	1.21e-83	253
Query_1	ref|NP_001139376.1|	52.869	244	110	4	44	285	32	272	1.21e-83	253
Query_1	ref|XP_037300530.1|	63.889	180	64	1	106	285	35	213	1.91e-77	235
Query_1	ref|XP_037300468.1|	48.113	212	109	1	56	267	20	230	2.66e-61	196
Query_1	ref|XP_037300467.1|	48.113	212	109	1	56	267	20	230	2.66e-61	196
Query_1	ref|XP_037300466.1|	48.113	212	109	1	56	267	36	246	2.84e-61	196
Query_1	ref|XP_016930642.1|	39.095	243	139	3	45	283	8	245	3.04e-50	167
Query_1	ref|XP_016929660.1|	40.887	203	111	2	85	281	54	253	9.36e-42	146
Query_1	ref|XP_016929659.1|	35.565	239	142	4	52	284	19	251	1.47e-39	140
Query_1	ref|XP_016929658.1|	35.565	239	142	4	52	284	44	276	2.64e-39	140
Query_1	ref|XP_030025577.1|	38.496	226	129	6	57	277	39	259	2.26e-37	134
Query_1	ref|XP_030035692.1|	39.267	191	115	1	93	283	67	256	5.90e-34	126
Query_1	ref|XP_016925824.1|	35.426	223	136	4	56	275	64	281	7.94e-32	125
Query_1	ref|XP_016929661.1|	37.118	229	139	3	60	284	24	251	2.49e-31	118
Query_1	ref|XP_016929662.1|	37.118	229	139	3	60	284	12	239	3.86e-31	117
Query_1	ref|XP_030035693.1|	35.498	231	137	4	57	280	20	245	6.97e-29	112
Query_1	ref|XP_029346906.1|	31.780	236	150	5	53	279	33	266	2.86e-28	110
Query_1	ref|XP_008179393.1|	31.513	238	152	5	53	281	24	259	3.00e-28	110
Query_1	ref|NP_001232971.1|	31.513	238	152	5	53	281	40	275	3.31e-28	110
Query_1	ref|XP_008179394.1|	31.513	238	152	5	53	281	18	253	3.45e-28	110
Query_1	ref|XP_029346905.1|	31.780	236	150	5	53	279	73	306	4.29e-28	111
Query_1	ref|XP_008179391.1|	31.780	236	150	5	53	279	73	306	4.29e-28	111
Query_1	ref|XP_008179392.1|	31.513	238	152	5	53	281	41	276	6.30e-28	110
Query_1	ref|XP_001948407.1|	33.636	220	136	4	56	275	58	267	1.71e-21	95.1
Query_1	ref|XP_016929663.1|	28.125	224	154	4	61	279	12	233	5.53e-15	74.3
Query_1	ref|XP_037298713.1|	32.093	215	137	3	55	267	52	259	7.94e-14	72.8
Query_1	ref|XP_037298712.1|	32.093	215	137	3	55	267	52	259	7.94e-14	72.8
# BLAST processed 1 queries
